res.optPolicy =
EEE 
N N 
NENW

res.optValue = 
-0.0400000000000000	-0.0400000000000000	-0.0400000000000000	-0.0400000000000000	-0.0400000000000000	-0.0400000000000000	-0.0400000000000000	-0.0400000000000000	-0.0400000000000000
-0.0780000000000000	-0.0780000000000000	0.712400000000000	-0.0780000000000000	-0.0780000000000000	-0.0780000000000000	-0.0780000000000000	-0.0780000000000000	-0.0780000000000000
-0.114100000000000	0.486604000000000	0.780268000000000	-0.114100000000000	0.399014000000000	-0.114100000000000	-0.114100000000000	-0.114100000000000	-0.114100000000000
0.308140040000000	0.645458440000000	0.832031790000000	-0.148395000000000	0.495910010000000	-0.148395000000000	-0.148395000000000	0.241571640000000	-0.148395000000000
0.465724193200000	0.714981264000000	0.846154471000000	0.165991380400000	0.544455611350000	-0.180975250000000	0.115399396400000	0.308696557600000	0.0344969214000000
0.563398740132000	0.738923838120000	0.852107957823250	0.345488749108000	0.559800681038250	0.0799237430120000	0.216535269092000	0.388026414817000	0.102886591309000
0.607926428449000	0.747997577188470	0.854131320691843	0.453825904830840	0.565783112644304	0.250735055471960	0.296041776388400	0.415793594327165	0.169674301435275
0.629344630324822	0.751259343391610	0.854891871166934	0.508251007539100	0.567889199427009	0.356851486698173	0.332251069202441	0.434238193002920	0.197122190324997
0.639028686574696	0.752457097331276	0.855164201706425	0.534869610479294	0.568667296032436	0.411735508540274	0.353148729830683	0.441886251219634	0.213747634763094